______________________________
0
0.69314718056
0.69314718056
1.37950539564
0.438091650129
0.257530134324
0.0994996679085
0.0948713885304
0.0848522011805
0.0764281400522
0.0572141224511
0.0564894646287
0.0540298419518
0.0510357572339
0.0476268873019
0.0450547054313
0.0445783765827
0.0438602664011
0.0430917344572
0.0412329995535
0.0411198449631
0.0409468271662
0.0407505010609
0.0400152925501
0.0378423903612
0.0367416623267
______________________________
1
0.69314718056
0.69314718056
1.02354062139
0.351917521701
0.20768646813
0.0764828758448
0.0640603937308
0.0632998007474
0.0616076308481
0.0565703590575
0.0532175054297
0.0529095019326
0.0517519861576
0.0483384154597
0.0470520612996
0.0460284293378
0.042783521547
0.0401688019401
0.0400167665106
0.0396210834509
0.0395530514454
0.0392866308401
0.0383131534746
0.0369339417476
0.0395530514454
0.0394855894101
0.0393523783321
0.0390928299394
0.038601406095
0.0385499278343
0.038348135478
0.0376070395476
0.0365360335616
0.0385499278343
0.038498861563
0.0383979652956
0.0382011205695
0.0378272525048
0.0377774218711
0.0375889897945
0.0370113935446
0.0366882714764
______________________________
2
0.69314718056
0.69314718056
1.41724667949
0.446767444336
0.391696266243
0.246889598864
0.134179359263
0.130025884455
0.116943317455
0.106077157703
0.104107356026
0.1029031932
0.0993775430178
0.0980674544281
0.0961509945596
0.0954574539111
0.0948388938632
0.0934899175505
0.0920909666454
0.0916542541115
0.0903157954287
0.0893554151787
______________________________
3
0.69314718056
0.69314718056
1.43860779854
0.451715490467
0.389054937625
0.242002790066
0.163619648078
0.155356787409
0.132419069758
0.129077512267
0.123487065025
0.121341557225
0.115049514251
0.111915084415
0.110663743239
0.109509140016
0.106784561829
0.104088209618
0.10357789152
0.102375458063
0.101334194977
0.100225379018
______________________________
4
0.69314718056
0.69314718056
1.26026731847
0.409916821285
0.348214414269
0.172766350639
0.126171183611
0.12046460036
0.111630013335
0.0956591802138
0.0946137845293
0.0909826676645
0.083469648139
0.0793596681855
0.0788157810579
0.0775195226754
0.0761754916505
0.0749877045415
0.0741908417081
0.0734076550755
______________________________
5
0.69314718056
0.69314718056
1.24518241748
0.405677589654
0.392479505558
0.356303416339
0.369046461075
0.32940431623
0.225344373155
0.2083113775
0.199277295722
0.171360545595
0.16196135539
0.14297730345
0.141049503541
0.137513788051
0.129564140335
0.128074462826
0.125933631656
0.120423382138
0.119372376689
______________________________
6
0.69314718056
0.69314718056
1.35082865344
0.431636176415
0.34679419493
0.129075752559
0.0827046011281
0.0807625788177
0.0773972871739
0.0723455187239
0.0660795330229
0.0650519588949
0.0617547175708
0.0585525414742
0.0557534983012
0.0542214248452
0.0538566975552
0.0528188181507
0.0523898592805
0.0520667530191
0.0514776009927
0.0511639686689
0.0501664931948
0.0492142789944
______________________________
7
0.69314718056
0.69314718056
1.25552169026
0.409658296325
0.305144687075
0.102278666667
0.0909016900923
0.0882121163447
0.0844927515724
0.0787627191193
0.0706966773426
0.0691104926416
0.0686624483469
0.0676971278204
0.0668469631097
0.065018225467
0.0645504697973
0.0632207112239
0.0626298206631
0.0617657405584
0.0603359071416
______________________________
8
0.69314718056
0.69314718056
1.55227360678
0.475537701031
0.492174397668
0.482777031787
0.478829546374
0.477092853161
0.476291366281
0.475908395728
0.475721493349
0.47562920583
0.475583355263
0.475560503564
0.475549096146
0.47554339705
______________________________
9
0.69314718056
0.69314718056
1.36722641504
0.435385610493
0.400056975786
0.300964967276
0.2863922954
0.264618175787
0.247089316287
0.194588049839
0.166433847575
0.159504373832
0.154640477421
0.147908338681
0.141291475099
0.139484485602
0.13602168487
0.133909140747
0.132055378944
0.127524916781


--------------SVM-------------------


linear kernal 93.78
Gamma is .1 94.96
Gamma is default 94.42
C is 1 94.42
C is 10 96.1
C is 20 96.67
C is 30 97.04
C is 40 97.19
C is 50 97.19
C is 60 97.16
C is 70 97.26
C is 80 97.33
C is 90 97.34
C is 100 97.4
